regularized =

   0.0000000   0.0016545

regularized =

   0.0000000   0.0016545   0.0058738

regularized =

   0.000000   0.001655   0.005874   0.017292

regularized =

   0.000000   0.001655   0.005874   0.017292   0.003529

regularized =

   0.000000   0.001655   0.005874   0.017292   0.003529   0.008664

regularized =

   0.000000   0.001655   0.005874   0.017292   0.003529   0.008664   0.000067

regularized =

   0.000000   0.001655   0.005874   0.017292   0.003529   0.008664   0.000067   0.000576

regularized =

   0.000000   0.001655   0.005874   0.017292   0.003529   0.008664   0.000067   0.000576   0.000549

regularized =

   0.000000   0.001655   0.005874   0.017292   0.003529   0.008664   0.000067   0.000576   0.000549   0.000124

regularized =

   0.000000   0.001655   0.005874   0.017292   0.003529   0.008664   0.000067   0.000576   0.000549   0.000124   0.009043

regularized =

   0.000000   0.001655   0.005874   0.017292   0.003529   0.008664   0.000067   0.000576   0.000549   0.000124   0.009043   0.000012

regularized =

   0.000000   0.001655   0.005874   0.017292   0.003529   0.008664   0.000067   0.000576   0.000549   0.000124   0.009043   0.000012   0.001623

regularized =

 Columns 1 through 13:

   0.000000   0.001655   0.005874   0.017292   0.003529   0.008664   0.000067   0.000576   0.000549   0.000124   0.009043   0.000012   0.001623

 Column 14:

   0.000318

regularized =

 Columns 1 through 13:

   0.000000   0.001655   0.005874   0.017292   0.003529   0.008664   0.000067   0.000576   0.000549   0.000124   0.009043   0.000012   0.001623

 Columns 14 and 15:

   0.000318   0.006024

regularized =

 Columns 1 through 13:

   0.000000   0.001655   0.005874   0.017292   0.003529   0.008664   0.000067   0.000576   0.000549   0.000124   0.009043   0.000012   0.001623

 Columns 14 through 16:

   0.000318   0.006024   0.000246

regularized =

 Columns 1 through 13:

   0.000000   0.001655   0.005874   0.017292   0.003529   0.008664   0.000067   0.000576   0.000549   0.000124   0.009043   0.000012   0.001623

 Columns 14 through 17:

   0.000318   0.006024   0.000246   0.000183

regularized =

 Columns 1 through 13:

   0.000000   0.001655   0.005874   0.017292   0.003529   0.008664   0.000067   0.000576   0.000549   0.000124   0.009043   0.000012   0.001623

 Columns 14 through 18:

   0.000318   0.006024   0.000246   0.000183   0.000009

regularized =

 Columns 1 through 13:

   0.000000   0.001655   0.005874   0.017292   0.003529   0.008664   0.000067   0.000576   0.000549   0.000124   0.009043   0.000012   0.001623

 Columns 14 through 19:

   0.000318   0.006024   0.000246   0.000183   0.000009   0.000328

regularized =

 Columns 1 through 13:

   0.000000   0.001655   0.005874   0.017292   0.003529   0.008664   0.000067   0.000576   0.000549   0.000124   0.009043   0.000012   0.001623

 Columns 14 through 20:

   0.000318   0.006024   0.000246   0.000183   0.000009   0.000328   0.000373

regularized =

 Columns 1 through 13:

   0.000000   0.001655   0.005874   0.017292   0.003529   0.008664   0.000067   0.000576   0.000549   0.000124   0.009043   0.000012   0.001623

 Columns 14 through 21:

   0.000318   0.006024   0.000246   0.000183   0.000009   0.000328   0.000373   0.000873

regularized =

 Columns 1 through 13:

   0.000000   0.001655   0.005874   0.017292   0.003529   0.008664   0.000067   0.000576   0.000549   0.000124   0.009043   0.000012   0.001623

 Columns 14 through 22:

   0.000318   0.006024   0.000246   0.000183   0.000009   0.000328   0.000373   0.000873   0.004632

regularized =

 Columns 1 through 13:

   0.000000   0.001655   0.005874   0.017292   0.003529   0.008664   0.000067   0.000576   0.000549   0.000124   0.009043   0.000012   0.001623

 Columns 14 through 23:

   0.000318   0.006024   0.000246   0.000183   0.000009   0.000328   0.000373   0.000873   0.004632   0.000003

regularized =

 Columns 1 through 13:

   0.000000   0.001655   0.005874   0.017292   0.003529   0.008664   0.000067   0.000576   0.000549   0.000124   0.009043   0.000012   0.001623

 Columns 14 through 24:

   0.000318   0.006024   0.000246   0.000183   0.000009   0.000328   0.000373   0.000873   0.004632   0.000003   0.000367

regularized =

 Columns 1 through 13:

   0.000000   0.001655   0.005874   0.017292   0.003529   0.008664   0.000067   0.000576   0.000549   0.000124   0.009043   0.000012   0.001623

 Columns 14 through 25:

   0.000318   0.006024   0.000246   0.000183   0.000009   0.000328   0.000373   0.000873   0.004632   0.000003   0.000367   0.000001

regularized =

 Columns 1 through 13:

   0.000000   0.001655   0.005874   0.017292   0.003529   0.008664   0.000067   0.000576   0.000549   0.000124   0.009043   0.000012   0.001623

 Columns 14 through 26:

   0.000318   0.006024   0.000246   0.000183   0.000009   0.000328   0.000373   0.000873   0.004632   0.000003   0.000367   0.000001   0.000458

regularized =

 Columns 1 through 13:

   0.000000   0.001655   0.005874   0.017292   0.003529   0.008664   0.000067   0.000576   0.000549   0.000124   0.009043   0.000012   0.001623

 Columns 14 through 26:

   0.000318   0.006024   0.000246   0.000183   0.000009   0.000328   0.000373   0.000873   0.004632   0.000003   0.000367   0.000001   0.000458

 Column 27:

   0.000088

regularized =

 Columns 1 through 13:

   0.000000   0.001655   0.005874   0.017292   0.003529   0.008664   0.000067   0.000576   0.000549   0.000124   0.009043   0.000012   0.001623

 Columns 14 through 26:

   0.000318   0.006024   0.000246   0.000183   0.000009   0.000328   0.000373   0.000873   0.004632   0.000003   0.000367   0.000001   0.000458

 Columns 27 and 28:

   0.000088   0.003625

