regularized =

 Columns 1 through 13:

   0.000000   0.001655   0.005874   0.017292   0.003529   0.008664   0.000067   0.000576   0.000549   0.000124   0.009043   0.000012   0.001623

 Columns 14 through 26:

   0.000318   0.006024   0.000246   0.000183   0.000009   0.000328   0.000373   0.000873   0.004632   0.000003   0.000367   0.000001   0.000458

 Columns 27 and 28:

   0.000088   0.003625

regularized =

 Columns 1 through 13:

   0.000000   0.001655   0.005874   0.017292   0.003529   0.008664   0.000067   0.000576   0.000549   0.000124   0.009043   0.000012   0.001623

 Columns 14 through 26:

   0.000318   0.006024   0.000246   0.000183   0.000009   0.000328   0.000373   0.000873   0.004632   0.000003   0.000367   0.000001   0.000458

 Columns 27 and 28:

   0.000088   0.003625

regularized =

 Columns 1 through 13:

   0.000000   0.001655   0.005874   0.017292   0.003529   0.008664   0.000067   0.000576   0.000549   0.000124   0.009043   0.000012   0.001623

 Columns 14 through 26:

   0.000318   0.006024   0.000246   0.000183   0.000009   0.000328   0.000373   0.000873   0.004632   0.000003   0.000367   0.000001   0.000458

 Columns 27 and 28:

   0.000088   0.003625

regularized =

 Columns 1 through 13:

   0.000000   0.001655   0.005874   0.017292   0.003529   0.008664   0.000067   0.000576   0.000549   0.000124   0.009043   0.000012   0.001623

 Columns 14 through 26:

   0.000318   0.006024   0.000246   0.000183   0.000009   0.000328   0.000373   0.000873   0.004632   0.000003   0.000367   0.000001   0.000458

 Columns 27 and 28:

   0.000088   0.003625

regularized =

 Columns 1 through 13:

   0.000000   0.001655   0.005874   0.017292   0.003529   0.008664   0.000067   0.000576   0.000549   0.000124   0.009043   0.000012   0.001623

 Columns 14 through 26:

   0.000318   0.006024   0.000246   0.000183   0.000009   0.000328   0.000373   0.000873   0.004632   0.000003   0.000367   0.000001   0.000458

 Columns 27 and 28:

   0.000088   0.003625

regularized =

 Columns 1 through 13:

   0.000000   0.001655   0.005874   0.017292   0.003529   0.008664   0.000067   0.000576   0.000549   0.000124   0.009043   0.000012   0.001623

 Columns 14 through 26:

   0.000318   0.006024   0.000246   0.000183   0.000009   0.000328   0.000373   0.000873   0.004632   0.000003   0.000367   0.000001   0.000458

 Columns 27 and 28:

   0.000088   0.003625

regularized =

 Columns 1 through 13:

   0.000000   0.001655   0.005874   0.017292   0.003529   0.008664   0.000067   0.000576   0.000549   0.000124   0.009043   0.000012   0.001623

 Columns 14 through 26:

   0.000318   0.006024   0.000246   0.000183   0.000009   0.000328   0.000373   0.000873   0.004632   0.000003   0.000367   0.000001   0.000458

 Columns 27 and 28:

   0.000088   0.003625

regularized =

 Columns 1 through 13:

   0.000000   0.001655   0.005874   0.017292   0.003529   0.008664   0.000067   0.000576   0.000549   0.000124   0.009043   0.000012   0.001623

 Columns 14 through 26:

   0.000318   0.006024   0.000246   0.000183   0.000009   0.000328   0.000373   0.000873   0.004632   0.000003   0.000367   0.000001   0.000458

 Columns 27 and 28:

   0.000088   0.003625

regularized =

 Columns 1 through 13:

   0.000000   0.001655   0.005874   0.017292   0.003529   0.008664   0.000067   0.000576   0.000549   0.000124   0.009043   0.000012   0.001623

 Columns 14 through 26:

   0.000318   0.006024   0.000246   0.000183   0.000009   0.000328   0.000373   0.000873   0.004632   0.000003   0.000367   0.000001   0.000458

 Columns 27 and 28:

   0.000088   0.003625

regularized =

 Columns 1 through 13:

   0.000000   0.001655   0.005874   0.017292   0.003529   0.008664   0.000067   0.000576   0.000549   0.000124   0.009043   0.000012   0.001623

 Columns 14 through 26:

   0.000318   0.006024   0.000246   0.000183   0.000009   0.000328   0.000373   0.000873   0.004632   0.000003   0.000367   0.000001   0.000458

 Columns 27 and 28:

   0.000088   0.003625

regularized =

 Columns 1 through 13:

   0.000000   0.001655   0.005874   0.017292   0.003529   0.008664   0.000067   0.000576   0.000549   0.000124   0.009043   0.000012   0.001623

 Columns 14 through 26:

   0.000318   0.006024   0.000246   0.000183   0.000009   0.000328   0.000373   0.000873   0.004632   0.000003   0.000367   0.000001   0.000458

 Columns 27 and 28:

   0.000088   0.003625

regularized =

 Columns 1 through 13:

   0.000000   0.001655   0.005874   0.017292   0.003529   0.008664   0.000067   0.000576   0.000549   0.000124   0.009043   0.000012   0.001623

 Columns 14 through 26:

   0.000318   0.006024   0.000246   0.000183   0.000009   0.000328   0.000373   0.000873   0.004632   0.000003   0.000367   0.000001   0.000458

 Columns 27 and 28:

   0.000088   0.003625

regularized =

 Columns 1 through 13:

   0.000000   0.001655   0.005874   0.017292   0.003529   0.008664   0.000067   0.000576   0.000549   0.000124   0.009043   0.000012   0.001623

 Columns 14 through 26:

   0.000318   0.006024   0.000246   0.000183   0.000009   0.000328   0.000373   0.000873   0.004632   0.000003   0.000367   0.000001   0.000458

 Columns 27 and 28:

   0.000088   0.003625

regularized =

 Columns 1 through 13:

   0.000000   0.001655   0.005874   0.017292   0.003529   0.008664   0.000067   0.000576   0.000549   0.000124   0.009043   0.000012   0.001623

 Columns 14 through 26:

   0.000318   0.006024   0.000246   0.000183   0.000009   0.000328   0.000373   0.000873   0.004632   0.000003   0.000367   0.000001   0.000458

 Columns 27 and 28:

   0.000088   0.003625

regularized =

 Columns 1 through 13:

   0.000000   0.001655   0.005874   0.017292   0.003529   0.008664   0.000067   0.000576   0.000549   0.000124   0.009043   0.000012   0.001623

 Columns 14 through 26:

   0.000318   0.006024   0.000246   0.000183   0.000009   0.000328   0.000373   0.000873   0.004632   0.000003   0.000367   0.000001   0.000458

 Columns 27 and 28:

   0.000088   0.003625

regularized =

 Columns 1 through 13:

   0.000000   0.001655   0.005874   0.017292   0.003529   0.008664   0.000067   0.000576   0.000549   0.000124   0.009043   0.000012   0.001623

 Columns 14 through 26:

   0.000318   0.006024   0.000246   0.000183   0.000009   0.000328   0.000373   0.000873   0.004632   0.000003   0.000367   0.000001   0.000458

 Columns 27 and 28:

   0.000088   0.003625

regularized =

 Columns 1 through 13:

   0.000000   0.001655   0.005874   0.017292   0.003529   0.008664   0.000067   0.000576   0.000549   0.000124   0.009043   0.000012   0.001623

 Columns 14 through 26:

   0.000318   0.006024   0.000246   0.000183   0.000009   0.000328   0.000373   0.000873   0.004632   0.000003   0.000367   0.000001   0.000458

 Columns 27 and 28:

   0.000088   0.003625

regularized =

 Columns 1 through 13:

   0.000000   0.001655   0.005874   0.017292   0.003529   0.008664   0.000067   0.000576   0.000549   0.000124   0.009043   0.000012   0.001623

 Columns 14 through 26:

   0.000318   0.006024   0.000246   0.000183   0.000009   0.000328   0.000373   0.000873   0.004632   0.000003   0.000367   0.000001   0.000458

 Columns 27 and 28:

   0.000088   0.003625

regularized =

 Columns 1 through 13:

   0.000000   0.001655   0.005874   0.017292   0.003529   0.008664   0.000067   0.000576   0.000549   0.000124   0.009043   0.000012   0.001623

 Columns 14 through 26:

   0.000318   0.006024   0.000246   0.000183   0.000009   0.000328   0.000373   0.000873   0.004632   0.000003   0.000367   0.000001   0.000458

 Columns 27 and 28:

   0.000088   0.003625

regularized =

 Columns 1 through 13:

   0.000000   0.001655   0.005874   0.017292   0.003529   0.008664   0.000067   0.000576   0.000549   0.000124   0.009043   0.000012   0.001623

 Columns 14 through 26:

   0.000318   0.006024   0.000246   0.000183   0.000009   0.000328   0.000373   0.000873   0.004632   0.000003   0.000367   0.000001   0.000458

 Columns 27 and 28:

   0.000088   0.003625

regularized =

